0.0384615384615385
0.0316742081447964
0.0361990950226244
0.0407239819004525
0.0588235294117647
0.0441176470588235
0.0475113122171946
0.0418552036199095
0.0271493212669683
0.0509049773755656
0.0497737556561086
0.0486425339366516
0.0463800904977376
0.0486425339366516
0.0418552036199095
0.0452488687782805
0.0441176470588235
0.0486425339366516
0.0384615384615385
0.0418552036199095
0.0305429864253394
0.0452488687782805
0.0475113122171946
0.0395927601809955
0.0407239819004525
0.0497737556561086
0.0407239819004525
0.0328054298642534
0.0486425339366516
0.0441176470588235
0.0395927601809955
0.0328054298642534
0.0418552036199095
0.0463800904977376
0.0407239819004525
0.0475113122171946
0.0339366515837104
0.0441176470588235
0.0373303167420814
0.0373303167420814
0.0305429864253394
0.0475113122171946
0.0361990950226244
0.0350678733031674
0.0384615384615385
0.0260180995475113
0.0407239819004525
0.0429864253393665
0.0418552036199095
0.0395927601809955
0.0350678733031674
0.0395927601809955
0.0328054298642534
0.0418552036199095
0.0339366515837104
0.0429864253393665
0.0294117647058824
0.0384615384615385
0.0373303167420814
0.0509049773755656
0.0350678733031674
0.0407239819004525
0.0531674208144796
0.0520361990950226
0.0486425339366516
0.0463800904977376
0.0463800904977376
0.0373303167420814
0.0509049773755656
0.0497737556561086
0.0418552036199095
0.0463800904977376
0.0407239819004525
0.0531674208144796
0.0316742081447964
0.0418552036199095
0.0554298642533937
0.0486425339366516
0.0395927601809955
0.0452488687782805
0.0463800904977376
0.0384615384615385
0.0452488687782805
0.0441176470588235
0.0294117647058824
0.0373303167420814
0.0294117647058824
0.0475113122171946
0.0475113122171946
0.0373303167420814
0.0361990950226244
0.0452488687782805
0.0463800904977376
0.0328054298642534
0.0384615384615385
0.0373303167420814
0.0418552036199095
0.0429864253393665
0.0373303167420814
0.0441176470588235
0.0441176470588235
0.0554298642533937
0.0350678733031674
0.0373303167420814
0.0384615384615385
0.0395927601809955
0.0373303167420814
0.0486425339366516
0.0497737556561086
0.0328054298642534
0.0418552036199095
0.0531674208144796
0.0486425339366516
0.0407239819004525
0.0429864253393665
0.0441176470588235
0.0441176470588235
0.0339366515837104
0.0475113122171946
0.0361990950226244
0.0441176470588235
0.0509049773755656
0.0418552036199095
0.0429864253393665
0.0463800904977376
0.0350678733031674
0.0486425339366516
0.0441176470588235
0.0361990950226244
0.0475113122171946
0.0384615384615385
0.0463800904977376
0.0463800904977376
0.0441176470588235
0.0361990950226244
0.0565610859728507
0.0463800904977376
0.0497737556561086
0.0384615384615385
0.0350678733031674
0.0282805429864253
0.0418552036199095
0.0486425339366516
0.0395927601809955
0.0407239819004525
0.0418552036199095
0.0452488687782805
0.0520361990950226
0.0395927601809955
0.0395927601809955
0.0418552036199095
0.0441176470588235
0.0520361990950226
0.0305429864253394
0.0361990950226244
0.0463800904977376
0.0520361990950226
0.0509049773755656
0.0452488687782805
0.0475113122171946
0.0395927601809955
0.0226244343891403
0.0339366515837104
0.0509049773755656
0.0429864253393665
0.0418552036199095
0.0339366515837104
0.0395927601809955
0.0486425339366516
0.0486425339366516
0.0418552036199095
0.0486425339366516
0.0542986425339367
0.0373303167420814
0.0294117647058824
0.0429864253393665
0.0361990950226244
0.0407239819004525
0.0305429864253394
0.0418552036199095
0.0384615384615385
0.0350678733031674
0.0633484162895928
0.0509049773755656
0.0452488687782805
0.0350678733031674
0.0316742081447964
0.0361990950226244
0.0395927601809955
0.0361990950226244
0.0395927601809955
0.0565610859728507
0.0339366515837104
0.0452488687782805
0.0452488687782805
0.0441176470588235
0.0588235294117647
0.0475113122171946
0.0429864253393665
0.0395927601809955
0.0350678733031674
0.0475113122171946
0.0407239819004525
0.0418552036199095
0.0452488687782805
0.0531674208144796
0.0429864253393665
0.0441176470588235
0.0418552036199095
0.0395927601809955
0.0509049773755656
0.0429864253393665
0.0418552036199095
0.0509049773755656
0.0542986425339367
0.0452488687782805
0.0441176470588235
0.0373303167420814
0.0294117647058824
0.0294117647058824
0.0497737556561086
0.0237556561085973
0.0407239819004525
0.0418552036199095
0.0463800904977376
0.0350678733031674
0.0373303167420814
0.0509049773755656
0.0509049773755656
0.0429864253393665
0.0339366515837104
0.0452488687782805
0.0576923076923077
0.0520361990950226
0.0373303167420814
0.0384615384615385
0.0441176470588235
0.0316742081447964
0.0418552036199095
0.0328054298642534
0.0407239819004525
0.0452488687782805
0.0542986425339367
0.0463800904977376
0.0395927601809955
0.0576923076923077
0.0395927601809955
0.0361990950226244
0.0407239819004525
0.0441176470588235
0.0509049773755656
0.0429864253393665
0.0418552036199095
0.0373303167420814
0.0395927601809955
0.0294117647058824
0.0441176470588235
0.0418552036199095
0.0497737556561086
0.0463800904977376
0.0520361990950226
0.0475113122171946
0.0328054298642534
0.0395927601809955
0.0339366515837104
0.0395927601809955
0.0384615384615385
0.0350678733031674
0.0328054298642534
0.0509049773755656
0.0429864253393665
0.0497737556561086
0.0509049773755656
0.0384615384615385
0.0395927601809955
0.0452488687782805
0.0531674208144796
0.0350678733031674
0.0475113122171946
0.0452488687782805
0.0407239819004525
0.0463800904977376
0.0463800904977376
0.0531674208144796
0.0361990950226244
0.0441176470588235
0.0260180995475113
0.0497737556561086
0.0429864253393665
0.0373303167420814
0.0486425339366516
0.0576923076923077
0.0452488687782805
0.0384615384615385
0.0452488687782805
0.0373303167420814
0.0463800904977376
0.0384615384615385
0.0418552036199095
0.0328054298642534
0.0384615384615385
0.0486425339366516
0.0373303167420814
0.0463800904977376
0.0475113122171946
0.0395927601809955
0.0509049773755656
0.0339366515837104
0.0395927601809955
0.0497737556561086
0.0373303167420814
0.0429864253393665
0.0486425339366516
0.0361990950226244
0.0350678733031674
0.0497737556561086
0.0373303167420814
0.0441176470588235
0.0441176470588235
0.0418552036199095
0.0475113122171946
0.0542986425339367
0.0429864253393665
0.0395927601809955
0.0463800904977376
0.0328054298642534
0.0339366515837104
0.0373303167420814
0.0441176470588235
0.0520361990950226
0.0373303167420814
0.0486425339366516
0.0497737556561086
0.0441176470588235
0.0463800904977376
0.0486425339366516
0.0271493212669683
0.0429864253393665
0.0418552036199095
0.0429864253393665
0.0441176470588235
0.0599547511312217
0.0373303167420814
0.0497737556561086
0.0486425339366516
0.0429864253393665
0.0373303167420814
0.0271493212669683
0.0373303167420814
0.0339366515837104
0.0429864253393665
0.0463800904977376
0.0452488687782805
0.0373303167420814
0.0316742081447964
0.0339366515837104
0.0441176470588235
0.0441176470588235
0.0328054298642534
0.0463800904977376
0.0384615384615385
0.0361990950226244
0.0475113122171946
0.0350678733031674
0.0452488687782805
0.0441176470588235
0.0361990950226244
0.0497737556561086
0.0441176470588235
0.0384615384615385
0.0384615384615385
0.0418552036199095
0.0361990950226244
0.0305429864253394
0.0350678733031674
0.0361990950226244
0.0418552036199095
0.0463800904977376
0.0328054298642534
0.0384615384615385
0.0339366515837104
0.0407239819004525
0.0475113122171946
0.0429864253393665
0.0463800904977376
0.0531674208144796
0.0520361990950226
0.0294117647058824
0.0339366515837104
0.0305429864253394
0.0509049773755656
0.0361990950226244
0.0350678733031674
0.0418552036199095
0.0339366515837104
0.0531674208144796
0.0316742081447964
0.0429864253393665
0.0339366515837104
0.0452488687782805
0.0441176470588235
0.0486425339366516
0.0429864253393665
0.0350678733031674
0.0373303167420814
0.0475113122171946
0.0328054298642534
0.0463800904977376
0.0384615384615385
0.0486425339366516
0.0429864253393665
0.0407239819004525
0.0339366515837104
0.0361990950226244
0.0407239819004525
0.0418552036199095
0.0339366515837104
0.0486425339366516
0.0407239819004525
0.0463800904977376
0.0531674208144796
0.0361990950226244
0.0429864253393665
0.0520361990950226
0.0475113122171946
0.0429864253393665
0.0373303167420814
0.0429864253393665
0.0497737556561086
0.0395927601809955
0.0486425339366516
0.0407239819004525
0.0339366515837104
0.0441176470588235
0.0486425339366516
0.0350678733031674
0.0395927601809955
0.0384615384615385
0.0328054298642534
0.0395927601809955
0.0576923076923077
0.0497737556561086
0.0350678733031674
0.0384615384615385
0.0486425339366516
0.0305429864253394
0.0486425339366516
0.0418552036199095
0.0418552036199095
0.0486425339366516
0.0452488687782805
0.0452488687782805
0.0452488687782805
0.0429864253393665
0.0384615384615385
0.0339366515837104
0.0486425339366516
0.0373303167420814
0.0429864253393665
0.0395927601809955
0.0407239819004525
0.0441176470588235
0.0429864253393665
0.0441176470588235
0.0373303167420814
0.0418552036199095
0.0475113122171946
0.0271493212669683
0.0441176470588235
0.0395927601809955
0.0418552036199095
0.0407239819004525
0.0429864253393665
0.0441176470588235
0.0429864253393665
0.0373303167420814
0.0576923076923077
0.0497737556561086
0.0509049773755656
0.0497737556561086
0.0475113122171946
0.0486425339366516
0.0361990950226244
0.0418552036199095
0.0373303167420814
0.0531674208144796
0.0452488687782805
0.0373303167420814
0.0339366515837104
0.0452488687782805
0.0486425339366516
0.0361990950226244
0.0407239819004525
0.0531674208144796
0.0441176470588235
0.0429864253393665
0.0441176470588235
0.0373303167420814
0.0384615384615385
0.0384615384615385
