0.036634460547504
0.0466988727858293
0.0418679549114332
0.0462962962962963
0.0503220611916264
0.0479066022544283
0.0414653784219002
0.0458937198067633
0.0378421900161031
0.0410628019323672
0.0471014492753623
0.0458937198067633
0.0462962962962963
0.037037037037037
0.0378421900161031
0.0402576489533011
0.03743961352657
0.0446859903381642
0.0394524959742351
0.0422705314009662
0.037037037037037
0.0450885668276973
0.0535426731078905
0.0487117552334944
0.0454911433172303
0.0450885668276973
0.0466988727858293
0.0507246376811594
0.0442834138486312
0.0438808373590982
0.0398550724637681
0.0434782608695652
0.0430756843800322
0.0410628019323672
0.0398550724637681
0.0438808373590982
0.0479066022544283
0.0394524959742351
0.0442834138486312
0.0390499194847021
0.0515297906602254
0.0475040257648953
0.0406602254428341
0.0442834138486312
0.0414653784219002
0.0454911433172303
0.0394524959742351
0.0466988727858293
0.0446859903381642
0.0495169082125604
0.037037037037037
0.0503220611916264
0.03743961352657
0.0426731078904992
0.0458937198067633
0.0422705314009662
0.0495169082125604
0.0475040257648953
0.036231884057971
0.0410628019323672
0.0475040257648953
0.0466988727858293
0.0414653784219002
0.0418679549114332
0.0338164251207729
0.0515297906602254
0.0434782608695652
0.0390499194847021
0.0438808373590982
0.0430756843800322
0.0475040257648953
0.0450885668276973
0.0442834138486312
0.0442834138486312
0.0462962962962963
0.0438808373590982
0.0438808373590982
0.0446859903381642
0.0378421900161031
0.0382447665056361
0.0438808373590982
0.0442834138486312
0.0446859903381642
0.0491143317230274
0.0471014492753623
0.0406602254428341
0.0382447665056361
0.0462962962962963
0.0458937198067633
0.0442834138486312
0.0462962962962963
0.037037037037037
0.0450885668276973
0.0462962962962963
0.0410628019323672
0.0390499194847021
0.0390499194847021
0.0523349436392915
0.0454911433172303
0.0507246376811594
0.0458937198067633
0.0454911433172303
0.0446859903381642
0.0442834138486312
0.0446859903381642
0.0454911433172303
0.0450885668276973
0.0414653784219002
0.0430756843800322
0.0434782608695652
0.0426731078904992
0.0442834138486312
0.0442834138486312
0.0475040257648953
0.0471014492753623
0.0507246376811594
0.0466988727858293
0.0330112721417069
0.0495169082125604
0.0442834138486312
0.0507246376811594
0.0382447665056361
0.0483091787439614
0.0483091787439614
0.0438808373590982
0.034621578099839
0.0479066022544283
0.035829307568438
0.0410628019323672
0.0402576489533011
0.0386473429951691
0.0450885668276973
0.0430756843800322
0.0386473429951691
0.036634460547504
0.0450885668276973
0.035829307568438
0.0406602254428341
0.0446859903381642
0.0410628019323672
0.0406602254428341
0.0382447665056361
0.0410628019323672
0.0418679549114332
0.0430756843800322
0.0434782608695652
0.0402576489533011
0.0438808373590982
0.0386473429951691
0.0386473429951691
0.0479066022544283
0.0446859903381642
0.0491143317230274
0.0454911433172303
0.0515297906602254
0.035829307568438
0.0466988727858293
0.0430756843800322
0.0471014492753623
0.0418679549114332
0.0430756843800322
0.0458937198067633
0.0462962962962963
0.0410628019323672
0.0434782608695652
0.0390499194847021
0.0434782608695652
0.0483091787439614
0.0390499194847021
0.0454911433172303
0.0410628019323672
0.0471014492753623
0.0539452495974235
0.0454911433172303
0.0438808373590982
0.0426731078904992
0.0450885668276973
0.0426731078904992
0.0426731078904992
0.0386473429951691
0.0450885668276973
0.0471014492753623
0.0466988727858293
0.0446859903381642
0.0466988727858293
0.0406602254428341
0.0454911433172303
0.0402576489533011
0.0475040257648953
0.0471014492753623
0.0426731078904992
0.0466988727858293
0.0378421900161031
0.0382447665056361
0.0426731078904992
0.0450885668276973
0.0398550724637681
0.0531400966183575
0.0458937198067633
0.0430756843800322
0.0418679549114332
0.0471014492753623
0.0527375201288245
0.0454911433172303
0.0450885668276973
0.0422705314009662
0.0462962962962963
0.0450885668276973
0.0450885668276973
0.0438808373590982
0.0466988727858293
0.0483091787439614
0.0442834138486312
0.0483091787439614
0.0378421900161031
0.0394524959742351
0.0442834138486312
0.0531400966183575
0.0438808373590982
0.0382447665056361
0.0394524959742351
0.0450885668276973
0.0418679549114332
0.0450885668276973
0.0475040257648953
0.0382447665056361
0.0390499194847021
0.0499194847020934
0.0410628019323672
0.0462962962962963
0.0442834138486312
0.0410628019323672
0.0446859903381642
0.0430756843800322
0.0523349436392915
0.0434782608695652
0.0422705314009662
0.0450885668276973
0.0450885668276973
0.0491143317230274
0.0386473429951691
0.0458937198067633
0.0418679549114332
0.0438808373590982
0.0458937198067633
0.03743961352657
0.0471014492753623
0.0434782608695652
0.0450885668276973
0.0475040257648953
0.0426731078904992
0.0410628019323672
0.0495169082125604
0.0414653784219002
0.0438808373590982
0.0386473429951691
0.0378421900161031
0.0479066022544283
0.0515297906602254
0.0414653784219002
0.035829307568438
0.0398550724637681
0.0450885668276973
0.0462962962962963
0.0491143317230274
0.0495169082125604
0.0430756843800322
0.0458937198067633
0.0434782608695652
0.0458937198067633
0.0446859903381642
0.0402576489533011
0.0418679549114332
0.0410628019323672
0.0475040257648953
0.0430756843800322
0.0438808373590982
0.0422705314009662
0.0519323671497585
0.0450885668276973
0.0462962962962963
0.0418679549114332
0.0471014492753623
0.0458937198067633
0.0450885668276973
0.0394524959742351
0.0402576489533011
0.0410628019323672
0.0394524959742351
0.0479066022544283
0.0471014492753623
0.0438808373590982
0.0414653784219002
0.0446859903381642
0.0422705314009662
0.0450885668276973
0.0418679549114332
0.0386473429951691
0.0430756843800322
0.0422705314009662
0.0430756843800322
0.0491143317230274
0.0446859903381642
0.0414653784219002
0.0402576489533011
0.0511272141706924
0.0398550724637681
0.0454911433172303
0.0382447665056361
0.0446859903381642
0.0446859903381642
0.0458937198067633
0.0394524959742351
0.0394524959742351
0.0499194847020934
0.0430756843800322
0.037037037037037
0.0438808373590982
0.0475040257648953
0.0406602254428341
0.0491143317230274
0.0434782608695652
0.036231884057971
0.0418679549114332
0.0450885668276973
0.0386473429951691
0.0466988727858293
0.0471014492753623
0.0430756843800322
0.0446859903381642
0.0458937198067633
0.0414653784219002
0.0475040257648953
0.0442834138486312
0.0422705314009662
0.0499194847020934
0.0382447665056361
0.0382447665056361
0.0398550724637681
0.0418679549114332
0.0386473429951691
0.0475040257648953
0.0471014492753623
0.0430756843800322
0.0442834138486312
0.0446859903381642
0.0446859903381642
0.0418679549114332
0.0434782608695652
0.0382447665056361
0.03743961352657
0.0422705314009662
0.0330112721417069
0.0418679549114332
0.0410628019323672
0.0458937198067633
0.0450885668276973
0.0547504025764895
0.0442834138486312
0.0394524959742351
0.0491143317230274
0.0475040257648953
0.0410628019323672
0.0406602254428341
0.0390499194847021
0.0450885668276973
0.0495169082125604
0.0406602254428341
0.0454911433172303
0.0531400966183575
0.0450885668276973
0.0454911433172303
0.0438808373590982
0.0511272141706924
0.0390499194847021
0.0390499194847021
0.0475040257648953
0.0326086956521739
0.0390499194847021
0.0462962962962963
0.0475040257648953
0.0406602254428341
0.0446859903381642
0.0410628019323672
0.0426731078904992
0.0394524959742351
0.0466988727858293
0.0450885668276973
0.037037037037037
0.0442834138486312
0.0471014492753623
0.037037037037037
0.0454911433172303
0.0450885668276973
0.0466988727858293
0.0414653784219002
0.0454911433172303
0.0466988727858293
0.0438808373590982
0.0450885668276973
0.0390499194847021
0.0446859903381642
0.03743961352657
0.0418679549114332
0.0402576489533011
0.0458937198067633
0.0390499194847021
0.0418679549114332
0.0410628019323672
0.0450885668276973
0.0471014492753623
0.0466988727858293
0.0438808373590982
0.0430756843800322
0.0430756843800322
0.0414653784219002
0.0450885668276973
0.0466988727858293
0.03743961352657
0.0438808373590982
0.0430756843800322
0.0475040257648953
0.0499194847020934
0.0430756843800322
0.0382447665056361
0.0434782608695652
0.0450885668276973
0.0462962962962963
0.0442834138486312
0.0430756843800322
0.0438808373590982
0.0410628019323672
0.0466988727858293
0.0430756843800322
0.0338164251207729
0.0446859903381642
0.0571658615136876
0.0418679549114332
0.0446859903381642
0.0422705314009662
0.0382447665056361
0.0438808373590982
0.0462962962962963
0.0414653784219002
0.0466988727858293
0.0446859903381642
0.034219001610306
0.0462962962962963
0.0410628019323672
0.0454911433172303
0.0454911433172303
0.0434782608695652
0.0398550724637681
0.0414653784219002
0.0434782608695652
0.0418679549114332
0.0438808373590982
0.0454911433172303
0.0446859903381642
0.0410628019323672
0.0446859903381642
0.0418679549114332
0.0446859903381642
0.0426731078904992
0.0422705314009662
0.0414653784219002
0.03743961352657
0.0438808373590982
0.0398550724637681
0.0390499194847021
0.0406602254428341
0.0410628019323672
0.0422705314009662
0.0330112721417069
0.0446859903381642
0.0426731078904992
0.0458937198067633
0.0386473429951691
0.0434782608695652
0.0398550724637681
0.037037037037037
0.0507246376811594
0.0442834138486312
0.0414653784219002
0.0390499194847021
0.0414653784219002
0.0390499194847021
0.0414653784219002
0.0519323671497585
0.0434782608695652
0.0511272141706924
0.0495169082125604
0.0410628019323672
0.0394524959742351
0.0378421900161031
0.0531400966183575
0.0418679549114332
0.0430756843800322
0.0438808373590982
0.0430756843800322
