0.9375 0.9375 0.9375 1
1 1 1 0.9375
0.9375 1 1 1
0.9375 0.875 0.9375 0.875
0.9375 0.9375 0.9375 0.875
1 0.9375 0.75 1
0.9375 0.75 0.75 0.875
1 1 0.9375 0.8125
0.9375 1 1 1
0.9375 0.9375 1 1
1 1 1 0.8125
0.9375 0.9375 1 1
0.9375 0.9375 0.75 0.9375
1 0.9375 1 1
1 0.9375 0.9375 1
0.9375 0.9375 0.875 1
1 0.9375 0.875 1
0.8125 0.875 0.9375 0.875
1 0.5625 0.9375 0.9375
0.875 1 1 1
1 1 1 1
0.9375 0.9375 0.9375 0.9375
1 0.9375 1 0.9375
0.875 0.9375 0.875 1
NA NA NA NA
0.9375 0.875 1 0.875
0.9375 1 0.75 1
1 1 0.875 0.875
NA NA 1 0.875
NA NA NA NA
1 0.875 0.875 0.9375
1 0.75 0.875 1
0.9375 0.9375 0.9375 0.9375
0.9375 1 1 0.9375
0.875 0.9375 1 0.8125
1 0.875 0.75 0.875
1 1 1 1
1 1 0.9375 1
0.9375 0.9375 1 0.9375
0.8125 1 1 0.8125
1 0.875 1 0.875
0.8125 1 1 1
0.9375 0.75 0.9375 1
1 1 1 1
1 1 1 0.6875
1 1 1 1
0.9375 0.8125 0.9375 0.9375
1 1 0.75 1
NA NA NA NA
0.8125 0.9375 1 1
1 0.8125 1 0.9375
NA NA NA NA
0.9375 1 1 1
0.9375 1 1 0.9375
0.875 1 1 0.875
NA NA 1 0.9375
1 1 0.9375 0.9375
1 1 0.9375 0.9375
1 1 0.5 0.9375
1 1 1 1
1 1 0.875 0.9375
1 1 1 1
0.9375 1 1 0.9375
0.9375 0.8125 0.75 0.9375
1 0.75 0.75 1
1 0.875 0.9375 0.9375
0.75 0.875 0.9375 0.875
0.9375 0.9375 0.75 0.5
0.875 0.6875 0.875 1
1 1 0.9375 1
1 1 0.9375 0.875
0.9375 0.875 0.875 0.9375
0.5625 1 1 1
0.75 1 0.75 1
0.875 0.625 0.9375 1
NA 0.9375 0.75 1
0.9375 1 1 0.8125
1 1 0.8125 0.9375
0.9375 1 0.9375 0.8125
1 1 1 1
1 1 1 0.8125
0.9375 0.875 1 0.9375
0.875 1 0.9375 1
1 1 1 0.9375
1 0.75 0.8125 1
1 0.875 0.9375 1
1 1 1 1
1 1 0.9375 1
0.9375 0.75 0.875 1
0.8125 1 1 1
0.9375 0.9375 0.9375 1
1 1 0.875 0.9375
1 1 0.75 1
0.9375 0.75 1 1
0.9375 1 0.9375 1
0.9375 1 0.875 1
1 1 1 0.875
1 0.9375 1 1
1 1 0.8125 1
0.875 0.75 0.8125 1
1 0.9375 0.9375 0.9375
0.9375 1 1 0.8125
1 0.875 0.9375 1
0.9375 1 1 1
1 1 1 0.9375
1 0.9375 0.75 0.875
1 1 1 0.5
0.875 1 1 0.75
1 1 1 1
1 0.8125 0.9375 1
NA NA NA 0.9375
0.9375 0.9375 0.75 0.9375
NA NA NA 0.875
0.9375 1 1 1
0.9375 1 0.875 0.75
1 1 1 1
0.8125 1 1 0.9375
1 1 0.9375 1
1 0.9375 0.875 1
0.875 0.9375 1 0.9375
1 1 0.75 0.8125
0.9375 1 1 0.875
1 1 0.9375 1
1 1 0.875 0.9375
1 1 1 1
1 1 1 0.9375
0.9375 0.8125 0.9375 1
0.875 0.75 0.8125 1
0.75 1 1 0.9375
0.9375 0.875 1 0.875
0.9375 1 1 1
1 1 1 1
0.75 1 1 0.9375
0.9375 1 1 0.9375
NA NA NA NA
1 1 0.5 1
0.875 1 1 1
1 0.8125 0.9375 1
1 1 1 1
1 1 1 1
1 1 1 1
0.875 0.9375 0.875 0.9375
0.9375 1 1 1
1 0.875 0.9375 0.9375
0.9375 0.9375 0.8125 0.9375
0.75 1 1 1
1 1 0.75 0.75
0.9375 0.875 0.75 1
NA 0.8125 1 1
0.9375 1 1 1
1 0.8125 0.875 1
1 0.8125 1 0.9375
0.75 0.9375 1 1
1 1 0.9375 1
NA NA NA 0.9375
0.8125 0.9375 0.875 1
1 1 0.75 0.9375
NA NA NA NA
0.9375 0.9375 0.9375 0.8125
0.875 0.9375 0.9375 1
1 0.875 1 0.5625
1 0.9375 0.9375 0.9375
0.875 0.9375 0.875 0.8125
1 0.875 1 0.875
1 1 1 1
0.75 1 0.9375 1
1 1 1 0.9375
1 1 1 0.9375
0.9375 0.9375 1 0.9375
1 0.9375 0.9375 0.9375
1 0.875 1 0.9375
1 0.875 1 0.875
NA NA 0.875 1
0.8125 1 0.9375 1
0.9375 0.9375 1 1
0.9375 1 1 0.9375
1 0.875 1 0.8125
0.9375 0.8125 1 0.9375
NA NA NA 0.875
0.875 0.9375 1 1
0.9375 1 1 0.9375
0.8125 0.9375 1 0.9375
1 0.75 1 0.6875
1 1 1 1
1 0.8125 0.8125 0.875
1 1 0.875 0.9375
0.6875 0.75 1 0.8125
NA NA NA 0.8125
1 0.875 0.8125 0.875
NA NA NA NA
0.875 1 1 0.875
0.9375 1 0.8125 1
1 0.875 0.9375 1
1 1 0.9375 0.9375
0.875 0.875 0.9375 0.875
1 1 0.875 1
0.875 0.875 0.9375 0.9375
1 0.75 1 0.9375
1 0.875 0.75 0.875
1 1 0.875 1
0.9375 1 1 0.8125
0.9375 1 0.9375 0.75
0.9375 0.75 0.8125 1
0.6875 1 0.9375 1
0.6875 1 1 1
0.875 0.9375 0.875 1
1 1 0.9375 0.9375
0.8125 1 1 0.75
0.875 1 0.9375 0.875
0.9375 0.875 0.9375 1
0.875 1 0.5 0.75
1 1 1 1
0.9375 0.75 0.875 0.8125
1 1 1 1
0.875 1 0.9375 0.875
1 0.8125 0.9375 0.875
0.9375 0.9375 0.9375 0.9375
NA NA NA 1
1 0.875 0.9375 1
0.8125 0.9375 0.9375 1
1 0.9375 1 0.9375
0.9375 1 0.9375 0.875
0.8125 1 0.875 1
0.875 0.875 0.9375 0.9375
1 1 0.75 1
1 0.9375 0.875 1
1 0.9375 0.9375 0.9375
0.9375 1 1 0.9375
0.75 0.9375 0.9375 1
1 0.9375 1 0.875
1 0.9375 1 0.75
1 1 0.9375 1
1 1 0.8125 1
0.875 0.875 0.9375 1
0.8125 0.9375 1 1
0.75 1 0.9375 0.9375
1 1 0.8125 1
0.875 1 1 0.875
1 0.875 1 1
0.9375 0.875 0.9375 1
0.75 1 0.875 0.9375
1 0.9375 1 1
1 1 1 0.6875
1 1 0.875 1
1 0.9375 1 0.9375
1 0.9375 0.875 0.8125
0.875 1 0.875 1
1 1 1 0.9375
1 0.9375 0.9375 0.875
NA NA 0.875 1
1 1 0.9375 0.9375
1 0.9375 1 0.9375
1 1 0.9375 1
1 0.8125 1 1
1 0.9375 1 0.875
1 1 1 1
1 1 1 0.9375
1 1 0.9375 1
1 1 0.75 1
1 0.9375 0.875 1
1 1 1 0.9375
1 0.875 1 1
1 0.9375 0.75 1
0.875 1 0.9375 0.9375
1 0.9375 1 0.9375
1 1 1 1
0.875 0.9375 0.875 0.9375
0.875 0.9375 1 0.875
1 1 0.9375 0.875
0.875 1 0.9375 1
0.8125 0.9375 0.8125 0.8125
0.8125 1 0.75 0.75
0.9375 0.9375 1 0.75
1 0.9375 1 0.8125
0.9375 1 1 0.875
1 1 1 0.875
0.9375 1 0.9375 0.75
1 1 1 0.9375
NA NA 0.9375 0.6875
1 1 1 0.875
1 1 0.8125 1
1 1 0.9375 0.9375
1 1 1 0.875
1 0.875 1 1
0.8125 0.625 0.9375 0.9375
1 0.9375 0.9375 0.9375
0.9375 0.9375 1 1
1 1 1 1
0.9375 1 1 0.875
1 1 1 1
1 0.75 1 1
1 0.9375 1 0.9375
0.9375 0.875 0.75 0.875
0.75 0.9375 1 0.9375
0.9375 1 1 1
NA NA NA NA
0.9375 1 1 0.9375
0.875 1 1 0.8125
0.875 1 1 1
0.9375 1 0.6875 1
1 1 0.75 0.8125
1 0.875 1 1
NA NA NA 0.75
0.8125 1 1 0.9375
1 1 0.6875 1
1 1 1 1
1 1 1 1
1 0.8125 1 0.9375
0.875 0.875 1 1
0.75 1 0.8125 1
0.8125 0.875 1 0.875
1 1 0.875 0.9375
0.9375 1 0.9375 1
0.9375 1 0.875 0.875
1 0.875 0.9375 1
1 0.875 0.8125 0.875
0.9375 1 1 0.875
0.875 1 1 1
0.9375 0.9375 1 0.875
1 0.75 1 0.75
1 0.875 0.8125 0.875
1 0.8125 1 0.9375
1 1 0.75 0.875
1 1 1 0.875
0.9375 1 1 1
0.875 1 1 1
1 0.9375 0.875 1
1 0.875 1 0.875
NA NA 0.9375 1
1 0.875 1 0.9375
1 0.8125 0.9375 0.875
0.9375 1 1 0.8125
1 1 0.875 0.75
0.875 0.75 0.8125 0.8125
1 1 1 0.875
0.75 0.8125 0.9375 0.6875
0.9375 1 1 1
1 0.875 0.875 1
0.9375 0.9375 1 1
0.9375 1 1 1
1 1 0.8125 1
0.9375 0.9375 1 0.9375
0.8125 1 1 1
0.875 1 0.9375 0.9375
1 0.9375 0.9375 1
1 1 1 1
1 1 0.8125 1
0.9375 0.9375 1 1
1 1 0.9375 1
0.9375 0.8125 1 0.875
1 1 0.9375 0.9375
1 0.9375 1 0.875
1 1 1 1
NA NA NA NA
1 1 1 0.9375
1 1 0.9375 0.9375
0.875 0.75 1 1
1 0.875 0.9375 1
0.875 1 0.9375 0.875
0.875 0.9375 1 0.9375
1 1 1 0.8125
1 1 0.9375 0.9375
NA NA NA NA
1 0.9375 1 1
0.9375 0.8125 0.875 1
1 0.875 0.9375 0.9375
1 0.9375 1 1
1 1 0.6875 1
1 1 0.875 1
1 1 1 1
1 1 1 0.9375
1 0.9375 0.875 0.875
0.875 1 0.9375 1
1 0.8125 0.9375 0.8125
1 0.5 0.875 0.9375
0.875 1 1 1
1 0.9375 0.9375 0.9375
0.9375 1 0.8125 0.9375
0.75 0.75 0.875 1
1 1 0.875 1
0.875 0.875 1 1
0.9375 1 0.875 0.875
1 1 0.9375 1
1 1 0.8125 1
0.875 0.9375 0.9375 1
1 0.875 1 1
0.9375 1 1 0.9375
0.875 1 0.875 1
0.75 1 0.875 1
0.9375 1 0.75 1
1 1 1 0.9375
NA NA 1 1
NA NA 0.9375 1
0.875 0.875 1 1
0.8125 1 0.9375 1
1 0.9375 0.8125 0.8125
0.875 0.9375 0.75 0.875
1 0.9375 0.9375 1
0.9375 1 1 0.9375
1 0.875 0.875 1
1 1 1 0.875
0.75 0.9375 1 0.9375
1 0.9375 0.9375 1
0.9375 1 0.9375 1
0.875 0.8125 1 1
1 1 0.875 0.8125
1 0.875 0.875 1
1 0.9375 0.875 0.75
0.875 1 0.9375 0.9375
1 0.9375 1 1
0.75 0.9375 1 1
0.875 1 1 0.75
0.9375 0.9375 1 1
1 0.9375 1 0.9375
1 0.9375 0.9375 1
0.9375 0.75 1 0.9375
1 0.9375 0.875 0.8125
NA NA 1 1
0.9375 1 0.9375 1
1 0.875 1 1
1 1 0.625 1
1 0.75 1 1
0.6875 1 1 0.9375
1 1 1 0.875
0.9375 0.9375 1 1
1 1 0.9375 1
1 0.8125 0.8125 0.875
1 0.8125 1 0.9375
0.9375 1 0.9375 0.9375
0.9375 0.9375 1 0.875
0.875 1 1 0.75
0.875 0.875 0.8125 1
1 0.9375 0.875 1
NA 1 1 0.875
0.8125 1 0.9375 0.9375
1 1 1 1
0.9375 1 0.875 0.9375
1 0.8125 1 1
1 1 0.8125 0.9375
0.875 1 0.9375 1
1 0.9375 1 0.875
0.9375 1 1 0.9375
1 0.5 1 1
1 1 1 1
1 1 0.9375 1
1 0.875 0.875 0.9375
1 0.8125 0.9375 1
0.8125 0.875 0.75 0.9375
NA NA NA NA
0.8125 0.9375 1 1
1 1 0.875 1
1 0.8125 0.875 1
0.75 0.875 0.9375 1
0.875 0.8125 0.875 1
0.75 0.8125 0.9375 1
1 1 0.9375 0.75
1 0.9375 1 0.8125
1 1 1 0.9375
0.9375 0.875 1 1
1 1 1 1
1 0.8125 1 0.9375
1 0.9375 0.75 0.9375
1 0.5 0.9375 1
0.8125 0.9375 0.9375 1
1 0.875 0.9375 0.8125
0.625 0.9375 1 1
1 0.75 1 1
1 1 1 0.75
1 1 1 1
1 0.9375 0.9375 0.9375
1 1 0.75 0.8125
1 0.8125 0.875 0.9375
1 0.9375 0.875 0.875
0.8125 0.9375 1 0.875
1 0.9375 1 1
0.9375 0.875 0.875 0.8125
0.9375 0.875 0.9375 1
0.8125 0.8125 1 1
0.9375 0.9375 1 1
0.8125 0.9375 1 0.875
1 1 1 1
0.9375 0.75 0.9375 1
0.9375 1 0.875 0.9375
1 0.9375 1 1
1 0.9375 1 1
1 0.8125 0.8125 0.9375
1 1 0.9375 0.875
0.9375 0.75 0.875 0.9375
0.9375 1 1 0.8125
0.9375 0.875 0.8125 1
1 0.9375 1 0.9375
0.875 1 1 1
0.9375 1 0.9375 1
1 0.9375 0.9375 0.9375
1 1 1 1
0.9375 0.875 1 0.75
0.875 1 1 1
0.9375 1 1 1
1 0.9375 0.875 0.9375
0.75 1 0.9375 0.9375
