0.081447963800905 0.159502262443439 0.0248868778280543 0.0361990950226244
0.0633484162895928 0.176470588235294 0.204751131221719 0.142533936651584
0.0328054298642534 0.226244343891403 0.0203619909502262 0.184389140271493
0.17420814479638 0.222850678733032 0.145927601809955 0.332579185520362
0.0927601809954751 0.0509049773755656 0.256787330316742 0.159502262443439
0.122171945701357 0.199095022624434 0.266968325791855 0.0395927601809955
0.244343891402715 0.324660633484163 0.404977375565611 0.30316742081448
0.101809954751131 0.101809954751131 0.18552036199095 0.148190045248869
0.0904977375565611 0.107466063348416 0.0972850678733032 0.108597285067873
0.0407239819004525 0.0904977375565611 0.0407239819004525 0.0950226244343891
0.116515837104072 0.107466063348416 0.0588235294117647 0.313348416289593
0.105203619909502 0.255656108597285 0.0520361990950226 0.0305429864253394
0.0723981900452489 0.17420814479638 0.321266968325792 0.180995475113122
0.085972850678733 0.0995475113122172 0.0384615384615385 0.0916289592760181
0.0486425339366516 0.0339366515837104 0.116515837104072 0.0339366515837104
0.0791855203619909 0.145927601809955 0.176470588235294 0.0576923076923077
0.083710407239819 0.0384615384615385 0.139140271493213 0.0328054298642534
0.231900452488688 0.254524886877828 0.0644796380090498 0.201357466063348
0.0882352941176471 0.418552036199095 0.142533936651584 0.116515837104072
0.213800904977376 0.0305429864253394 0.084841628959276 0.0418552036199095
0.0214932126696833 0.0497737556561086 0.0882352941176471 0.0384615384615385
0.144796380090498 0.1289592760181 0.19683257918552 0.0769230769230769
0.0294117647058824 0.110859728506787 0.0984162895927602 0.0282805429864253
0.123303167420814 0.240950226244344 0.08710407239819 0.0350678733031674
NA NA NA NA
0.117647058823529 0.194570135746606 0.0407239819004525 0.183257918552036
0.084841628959276 0.0576923076923077 0.19683257918552 0.0678733031674208
0.0780542986425339 0.138009049773756 0.317873303167421 0.0463800904977376
NA NA 0.141402714932127 0.394796380090498
NA NA NA NA
0.0441176470588235 0.281674208144796 0.297511312217195 0.247737556561086
0.134615384615385 0.402714932126697 0.0576923076923077 0.084841628959276
0.139140271493213 0.104072398190045 0.326923076923077 0.084841628959276
0.0565610859728507 0.0588235294117647 0.119909502262443 0.305429864253394
0.0441176470588235 0.239819004524887 0.0350678733031674 0.443438914027149
0.0328054298642534 0.0712669683257919 0.307692307692308 0.118778280542986
0.182126696832579 0.085972850678733 0.0531674208144796 0.118778280542986
0.143665158371041 0.0361990950226244 0.177601809954751 0.0361990950226244
0.0622171945701357 0.153846153846154 0.0588235294117647 0.132352941176471
0.115384615384615 0.179864253393665 0.0452488687782805 0.0735294117647059
0.131221719457014 0.1289592760181 0.0271493212669683 0.0656108597285068
0.248868778280543 0.105203619909502 0.0656108597285068 0.0927601809954751
0.169683257918552 0.235294117647059 0.161764705882353 0.102941176470588
0.0690045248868778 0.0271493212669683 0.159502262443439 0.0395927601809955
0.0542986425339367 0.127828054298643 0.0791855203619909 0.309954751131222
0.0475113122171946 0.0690045248868778 0.123303167420814 0.0554298642533937
0.122171945701357 0.113122171945701 0.0780542986425339 0.19683257918552
0.0486425339366516 0.0350678733031674 0.235294117647059 0.0757918552036199
NA NA NA NA
0.167420814479638 0.179864253393665 0.117647058823529 0.126696832579186
0.0531674208144796 0.363122171945701 0.0712669683257919 0.0576923076923077
NA NA NA NA
0.111990950226244 0.243212669683258 0.0361990950226244 0.0542986425339367
0.084841628959276 0.0509049773755656 0.080316742081448 0.10972850678733
0.195701357466063 0.0780542986425339 0.0452488687782805 0.209276018099548
NA NA 0.114253393665158 0.0633484162895928
0.0441176470588235 0.0576923076923077 0.113122171945701 0.138009049773756
0.0893665158371041 0.26131221719457 0.0667420814479638 0.0237556561085973
0.0373303167420814 0.0497737556561086 0.941176470588235 0.116515837104072
0.102941176470588 0.0271493212669683 0.0610859728506787 0.080316742081448
0.105203619909502 0.080316742081448 0.212669683257919 0.147058823529412
0.0384615384615385 0.0226244343891403 0.0712669683257919 0.0429864253393665
0.138009049773756 0.0407239819004525 0.145927601809955 0.183257918552036
0.08710407239819 0.240950226244344 0.312217194570136 0.145927601809955
0.0588235294117647 0.382352941176471 0.389140271493213 0.0339366515837104
0.145927601809955 0.418552036199095 0.321266968325792 0.171945701357466
0.35972850678733 0.141402714932127 0.523755656108597 0.345022624434389
0.177601809954751 0.0633484162895928 0.377828054298643 0.941176470588235
0.141402714932127 0.123303167420814 0.132352941176471 0.0328054298642534
0.0678733031674208 0.0441176470588235 0.105203619909502 0.0271493212669683
0.0723981900452489 0.0373303167420814 0.183257918552036 0.347285067873303
0.142533936651584 0.225113122171946 0.15158371040724 0.0622171945701357
0.342760180995475 0.083710407239819 0.085972850678733 0.152714932126697
0.29185520361991 0.0723981900452489 0.407239819004525 0.122171945701357
0.296380090497738 0.676470588235294 0.173076923076923 0.170814479638009
NA 0.381221719457014 0.395927601809955 0.0554298642533937
0.0904977375565611 0.0509049773755656 0.0497737556561086 0.150452488687783
0.0248868778280543 0.0339366515837104 0.276018099547511 0.190045248868778
0.132352941176471 0.0542986425339367 0.0882352941176471 0.0497737556561086
0.0350678733031674 0.0373303167420814 0.0395927601809955 0.08710407239819
0.0418552036199095 0.126696832579186 0.110859728506787 0.0984162895927602
0.0690045248868778 0.26131221719457 0.0520361990950226 0.289592760180996
0.0407239819004525 0.0769230769230769 0.188914027149321 0.0972850678733032
0.197963800904977 0.0271493212669683 0.0214932126696833 0.186651583710407
0.0384615384615385 0.22737556561086 0.117647058823529 0.0622171945701357
0.157239819004525 0.247737556561086 0.134615384615385 0.0395927601809955
0.08710407239819 0.259049773755656 0.0429864253393665 0.0780542986425339
0.0486425339366516 0.0984162895927602 0.177601809954751 0.160633484162896
0.28393665158371 0.153846153846154 0.158371040723982 0.083710407239819
0.302036199095023 0.083710407239819 0.082579185520362 0.0237556561085973
0.0531674208144796 0.150452488687783 0.177601809954751 0.0316742081447964
0.082579185520362 0.0452488687782805 0.247737556561086 0.0294117647058824
0.0384615384615385 0.0904977375565611 0.30316742081448 0.126696832579186
0.177601809954751 0.429864253393665 0.0746606334841629 0.0328054298642534
0.171945701357466 0.0395927601809955 0.171945701357466 0.085972850678733
0.0633484162895928 0.123303167420814 0.0599547511312217 0.208144796380091
0.0350678733031674 0.0893665158371041 0.0509049773755656 0.0599547511312217
0.110859728506787 0.0690045248868778 0.0180995475113122 0.0316742081447964
0.085972850678733 0.0373303167420814 0.358597285067873 0.0486425339366516
0.281674208144796 0.350678733031674 0.222850678733032 0.0769230769230769
0.0373303167420814 0.0678733031674208 0.0294117647058824 0.0316742081447964
0.085972850678733 0.0316742081447964 0.081447963800905 0.240950226244344
0.0282805429864253 0.273755656108597 0.350678733031674 0.0904977375565611
0.260180995475113 0.0407239819004525 0.0542986425339367 0.0927601809954751
0.0599547511312217 0.0610859728506787 0.0656108597285068 0.183257918552036
0.0384615384615385 0.0882352941176471 0.204751131221719 0.290723981900453
0.0916289592760181 0.0791855203619909 0.0780542986425339 0.834841628959276
0.280542986425339 0.0531674208144796 0.0531674208144796 0.157239819004525
0.0361990950226244 0.0950226244343891 0.0554298642533937 0.0893665158371041
0.0475113122171946 0.0735294117647059 0.177601809954751 0.080316742081448
NA NA NA 0.0916289592760181
0.191176470588235 0.152714932126697 0.366515837104072 0.143665158371041
NA NA NA 0.1289592760181
0.147058823529412 0.0599547511312217 0.0294117647058824 0.0350678733031674
0.0972850678733032 0.0384615384615385 0.239819004524887 0.416289592760181
0.0282805429864253 0.0316742081447964 0.0565610859728507 0.0373303167420814
0.262443438914027 0.0486425339366516 0.0361990950226244 0.259049773755656
0.0328054298642534 0.0305429864253394 0.126696832579186 0.0746606334841629
0.0565610859728507 0.139140271493213 0.132352941176471 0.0633484162895928
0.160633484162896 0.117647058823529 0.084841628959276 0.0712669683257919
0.0950226244343891 0.192307692307692 0.317873303167421 0.187782805429864
0.0542986425339367 0.114253393665158 0.0418552036199095 0.229638009049774
0.0565610859728507 0.0701357466063348 0.0893665158371041 0.0463800904977376
0.081447963800905 0.0248868778280543 0.0904977375565611 0.148190045248869
0.285067873303167 0.0350678733031674 0.0509049773755656 0.131221719457014
0.0712669683257919 0.0610859728506787 0.0769230769230769 0.080316742081448
0.081447963800905 0.394796380090498 0.0904977375565611 0.0463800904977376
0.403846153846154 0.364253393665158 0.31447963800905 0.0418552036199095
0.0769230769230769 0.0395927601809955 0.08710407239819 0.34841628959276
0.0554298642533937 0.21606334841629 0.0486425339366516 0.0463800904977376
0.142533936651584 0.0282805429864253 0.0429864253393665 0.0701357466063348
0.0441176470588235 0.158371040723982 0.168552036199095 0.0588235294117647
0.360859728506787 0.0429864253393665 0.0475113122171946 0.123303167420814
0.133484162895928 0.0339366515837104 0.0373303167420814 0.153846153846154
NA NA NA NA
0.0791855203619909 0.0520361990950226 0.940045248868778 0.0418552036199095
0.150452488687783 0.142533936651584 0.0509049773755656 0.0950226244343891
0.0984162895927602 0.0995475113122172 0.14027149321267 0.0395927601809955
0.0305429864253394 0.0294117647058824 0.0701357466063348 0.263574660633484
0.08710407239819 0.0497737556561086 0.150452488687783 0.171945701357466
0.0475113122171946 0.0395927601809955 0.0441176470588235 0.085972850678733
0.233031674208145 0.164027149321267 0.105203619909502 0.0904977375565611
0.138009049773756 0.0441176470588235 0.0531674208144796 0.0656108597285068
0.101809954751131 0.101809954751131 0.160633484162896 0.157239819004525
0.133484162895928 0.0407239819004525 0.411764705882353 0.0294117647058824
0.119909502262443 0.18552036199095 0.0690045248868778 0.0441176470588235
0.0723981900452489 0.0791855203619909 0.455882352941176 0.42420814479638
0.0418552036199095 0.159502262443439 0.309954751131222 0.0260180995475113
NA 0.406108597285068 0.0531674208144796 0.0678733031674208
0.0305429864253394 0.082579185520362 0.0384615384615385 0.0373303167420814
0.0791855203619909 0.32579185520362 0.200226244343891 0.0441176470588235
0.117647058823529 0.357466063348416 0.0893665158371041 0.17420814479638
0.242081447963801 0.0248868778280543 0.0260180995475113 0.0260180995475113
0.157239819004525 0.0656108597285068 0.0248868778280543 0.0361990950226244
NA NA NA 0.085972850678733
0.253393665158371 0.149321266968326 0.0644796380090498 0.0599547511312217
0.0791855203619909 0.0305429864253394 0.360859728506787 0.139140271493213
NA NA NA NA
0.0452488687782805 0.259049773755656 0.0995475113122172 0.126696832579186
0.0339366515837104 0.135746606334842 0.0418552036199095 0.0463800904977376
0.0656108597285068 0.469457013574661 0.193438914027149 0.638009049773756
0.119909502262443 0.123303167420814 0.130090497737557 0.0576923076923077
0.29185520361991 0.154977375565611 0.304298642533937 0.0893665158371041
0.0237556561085973 0.0791855203619909 0.0248868778280543 0.0588235294117647
0.0542986425339367 0.0565610859728507 0.0452488687782805 0.0984162895927602
0.299773755656109 0.0791855203619909 0.212669683257919 0.149321266968326
0.0690045248868778 0.0757918552036199 0.118778280542986 0.0497737556561086
0.0509049773755656 0.1210407239819 0.0509049773755656 0.222850678733032
0.15158371040724 0.134615384615385 0.0463800904977376 0.0373303167420814
0.0316742081447964 0.0361990950226244 0.141402714932127 0.0723981900452489
0.081447963800905 0.161764705882353 0.195701357466063 0.117647058823529
0.0316742081447964 0.164027149321267 0.085972850678733 0.377828054298643
NA NA 0.218325791855204 0.084841628959276
0.239819004524887 0.0757918552036199 0.0373303167420814 0.0656108597285068
0.0950226244343891 0.0531674208144796 0.0610859728506787 0.166289592760181
0.265837104072398 0.0260180995475113 0.0690045248868778 0.127828054298643
0.0904977375565611 0.1289592760181 0.0214932126696833 0.415158371040724
0.106334841628959 0.170814479638009 0.0328054298642534 0.0542986425339367
NA NA NA 0.084841628959276
0.164027149321267 0.115384615384615 0.0554298642533937 0.0769230769230769
0.0509049773755656 0.0622171945701357 0.100678733031674 0.138009049773756
0.081447963800905 0.147058823529412 0.0576923076923077 0.101809954751131
0.122171945701357 0.441176470588235 0.281674208144796 0.35972850678733
0.0576923076923077 0.0712669683257919 0.0950226244343891 0.0588235294117647
0.0339366515837104 0.324660633484163 0.288461538461538 0.169683257918552
0.0429864253393665 0.0531674208144796 0.102941176470588 0.0384615384615385
0.627828054298643 0.130090497737557 0.0950226244343891 0.133484162895928
NA NA NA 0.357466063348416
0.0678733031674208 0.138009049773756 0.235294117647059 0.375565610859729
NA NA NA NA
0.257918552036199 0.145927601809955 0.0395927601809955 0.0588235294117647
0.148190045248869 0.0622171945701357 0.253393665158371 0.0475113122171946
0.10972850678733 0.106334841628959 0.343891402714932 0.0509049773755656
0.0780542986425339 0.171945701357466 0.127828054298643 0.179864253393665
0.124434389140271 0.186651583710407 0.126696832579186 0.421945701357466
0.0361990950226244 0.160633484162896 0.237556561085973 0.169683257918552
0.169683257918552 0.255656108597285 0.0667420814479638 0.205882352941176
0.0599547511312217 0.478506787330317 0.0429864253393665 0.265837104072398
0.150452488687783 0.164027149321267 0.292986425339367 0.18552036199095
0.085972850678733 0.148190045248869 0.131221719457014 0.0441176470588235
0.0667420814479638 0.0690045248868778 0.0271493212669683 0.316742081447964
0.204751131221719 0.100678733031674 0.149321266968326 0.177601809954751
0.107466063348416 0.434389140271493 0.226244343891403 0.0384615384615385
0.472850678733032 0.0475113122171946 0.10972850678733 0.0554298642533937
0.497737556561086 0.107466063348416 0.0565610859728507 0.08710407239819
0.290723981900453 0.0588235294117647 0.208144796380091 0.123303167420814
0.0486425339366516 0.0373303167420814 0.0678733031674208 0.0260180995475113
0.245475113122172 0.0373303167420814 0.0723981900452489 0.242081447963801
0.111990950226244 0.0361990950226244 0.18552036199095 0.190045248868778
0.0972850678733032 0.273755656108597 0.292986425339367 0.0441176470588235
0.302036199095023 0.0972850678733032 0.941176470588235 0.372171945701357
0.0938914027149321 0.0633484162895928 0.0723981900452489 0.0373303167420814
0.1210407239819 0.381221719457014 0.153846153846154 0.367647058823529
0.0475113122171946 0.0305429864253394 0.0588235294117647 0.0690045248868778
0.123303167420814 0.0701357466063348 0.233031674208145 0.210407239819005
0.0588235294117647 0.244343891402715 0.0656108597285068 0.345022624434389
0.0554298642533937 0.102941176470588 0.0893665158371041 0.0927601809954751
NA NA NA 0.0180995475113122
0.0916289592760181 0.208144796380091 0.124434389140271 0.0723981900452489
0.360859728506787 0.0361990950226244 0.180995475113122 0.0294117647058824
0.0294117647058824 0.0271493212669683 0.105203619909502 0.0452488687782805
0.124434389140271 0.0305429864253394 0.10972850678733 0.173076923076923
0.1289592760181 0.0961538461538462 0.139140271493213 0.0373303167420814
0.084841628959276 0.204751131221719 0.122171945701357 0.0407239819004525
0.0882352941176471 0.085972850678733 0.368778280542986 0.116515837104072
0.104072398190045 0.178733031674208 0.158371040723982 0.0350678733031674
0.0565610859728507 0.0735294117647059 0.0972850678733032 0.0701357466063348
0.16289592760181 0.0339366515837104 0.0350678733031674 0.0690045248868778
0.145927601809955 0.273755656108597 0.10972850678733 0.0644796380090498
0.0735294117647059 0.210407239819005 0.0599547511312217 0.154977375565611
0.0395927601809955 0.0294117647058824 0.108597285067873 0.332579185520362
0.110859728506787 0.0520361990950226 0.131221719457014 0.0554298642533937
0.08710407239819 0.0531674208144796 0.297511312217195 0.0791855203619909
0.0893665158371041 0.266968325791855 0.0588235294117647 0.10972850678733
0.395927601809955 0.0486425339366516 0.0622171945701357 0.0373303167420814
0.305429864253394 0.187782805429864 0.16289592760181 0.134615384615385
0.0361990950226244 0.0305429864253394 0.152714932126697 0.0407239819004525
0.16289592760181 0.0746606334841629 0.083710407239819 0.0644796380090498
0.0644796380090498 0.0984162895927602 0.102941176470588 0.0418552036199095
0.130090497737557 0.22737556561086 0.0938914027149321 0.161764705882353
0.274886877828054 0.0690045248868778 0.18552036199095 0.219457013574661
0.0599547511312217 0.0407239819004525 0.0950226244343891 0.0542986425339367
0.308823529411765 0.0486425339366516 0.0339366515837104 0.443438914027149
0.0554298642533937 0.0791855203619909 0.372171945701357 0.0972850678733032
0.0384615384615385 0.102941176470588 0.0271493212669683 0.149321266968326
0.143665158371041 0.0588235294117647 0.287330316742081 0.175339366515837
0.218325791855204 0.0407239819004525 0.0961538461538462 0.373303167420814
0.0927601809954751 0.0361990950226244 0.0509049773755656 0.0384615384615385
0.0667420814479638 0.244343891402715 0.119909502262443 0.242081447963801
NA NA 0.228506787330317 0.0475113122171946
0.319004524886878 0.0350678733031674 0.084841628959276 0.0633484162895928
0.0361990950226244 0.0305429864253394 0.0791855203619909 0.100678733031674
0.107466063348416 0.260180995475113 0.150452488687783 0.101809954751131
0.139140271493213 0.237556561085973 0.108597285067873 0.0395927601809955
0.0576923076923077 0.0904977375565611 0.0904977375565611 0.0690045248868778
0.0429864253393665 0.113122171945701 0.0531674208144796 0.0599547511312217
0.0565610859728507 0.0475113122171946 0.152714932126697 0.218325791855204
0.0350678733031674 0.0542986425339367 0.106334841628959 0.0531674208144796
0.0599547511312217 0.0407239819004525 0.27262443438914 0.0588235294117647
0.0509049773755656 0.154977375565611 0.311085972850679 0.114253393665158
0.0203619909502262 0.0452488687782805 0.0531674208144796 0.10972850678733
0.118778280542986 0.0961538461538462 0.0214932126696833 0.0441176470588235
0.0542986425339367 0.083710407239819 0.300904977375566 0.115384615384615
0.133484162895928 0.205882352941176 0.0429864253393665 0.1289592760181
0.0497737556561086 0.132352941176471 0.0656108597285068 0.143665158371041
0.0893665158371041 0.0916289592760181 0.0452488687782805 0.080316742081448
0.364253393665158 0.153846153846154 0.324660633484163 0.16289592760181
0.178733031674208 0.0316742081447964 0.0316742081447964 0.246606334841629
0.0656108597285068 0.0791855203619909 0.104072398190045 0.0916289592760181
0.127828054298643 0.0678733031674208 0.0667420814479638 0.0418552036199095
0.110859728506787 0.138009049773756 0.220588235294118 0.186651583710407
0.259049773755656 0.0441176470588235 0.484162895927602 0.158371040723982
0.134615384615385 0.139140271493213 0.0407239819004525 0.530542986425339
0.0373303167420814 0.080316742081448 0.0316742081447964 0.361990950226244
0.1289592760181 0.0509049773755656 0.0735294117647059 0.127828054298643
0.0203619909502262 0.0520361990950226 0.0294117647058824 0.0531674208144796
0.101809954751131 0.080316742081448 0.399321266968326 0.33710407239819
0.085972850678733 0.102941176470588 0.130090497737557 0.101809954751131
NA NA 0.0452488687782805 0.513574660633484
0.0282805429864253 0.0497737556561086 0.0328054298642534 0.188914027149321
0.1289592760181 0.1289592760181 0.255656108597285 0.0407239819004525
0.0769230769230769 0.0633484162895928 0.0373303167420814 0.114253393665158
0.0723981900452489 0.0339366515837104 0.100678733031674 0.131221719457014
0.0690045248868778 0.0554298642533937 0.0486425339366516 0.156108597285068
0.132352941176471 0.44683257918552 0.119909502262443 0.081447963800905
0.0395927601809955 0.131221719457014 0.0497737556561086 0.22737556561086
0.139140271493213 0.0531674208144796 0.0407239819004525 0.0395927601809955
0.0746606334841629 0.0260180995475113 0.081447963800905 0.0452488687782805
0.142533936651584 0.0260180995475113 0.0520361990950226 0.14027149321267
0.0690045248868778 0.0588235294117647 0.0260180995475113 0.0984162895927602
0.0248868778280543 0.414027149321267 0.0497737556561086 0.127828054298643
0.100678733031674 0.236425339366516 0.084841628959276 0.0791855203619909
0.0712669683257919 0.175339366515837 0.367647058823529 0.208144796380091
0.394796380090498 0.0565610859728507 0.0452488687782805 0.123303167420814
0.256787330316742 0.0520361990950226 0.0678733031674208 0.0712669683257919
NA NA NA NA
0.0576923076923077 0.0418552036199095 0.130090497737557 0.17420814479638
0.122171945701357 0.0316742081447964 0.0282805429864253 0.135746606334842
0.194570135746606 0.0475113122171946 0.0656108597285068 0.201357466063348
0.153846153846154 0.0633484162895928 0.287330316742081 0.0373303167420814
0.0373303167420814 0.0497737556561086 0.570135746606335 0.483031674208145
0.110859728506787 0.0588235294117647 0.0690045248868778 0.0916289592760181
NA NA NA 0.497737556561086
0.161764705882353 0.0339366515837104 0.0984162895927602 0.398190045248869
0.0452488687782805 0.108597285067873 0.297511312217195 0.082579185520362
0.0328054298642534 0.295248868778281 0.117647058823529 0.0294117647058824
0.0565610859728507 0.183257918552036 0.125565610859729 0.0950226244343891
0.080316742081448 0.170814479638009 0.0588235294117647 0.21606334841629
0.406108597285068 0.138009049773756 0.0384615384615385 0.108597285067873
0.403846153846154 0.0769230769230769 0.447963800904977 0.0395927601809955
0.186651583710407 0.202488687782805 0.0497737556561086 0.233031674208145
0.0350678733031674 0.0316742081447964 0.142533936651584 0.0791855203619909
0.0791855203619909 0.0271493212669683 0.186651583710407 0.0497737556561086
0.131221719457014 0.0893665158371041 0.278280542986425 0.188914027149321
0.082579185520362 0.0463800904977376 0.133484162895928 0.0509049773755656
0.0791855203619909 0.0882352941176471 0.418552036199095 0.27262443438914
0.0712669683257919 0.0441176470588235 0.0610859728506787 0.41289592760181
0.368778280542986 0.134615384615385 0.0384615384615385 0.0429864253393665
0.0893665158371041 0.0361990950226244 0.0203619909502262 0.205882352941176
0.0395927601809955 0.130090497737557 0.171945701357466 0.329185520361991
0.10972850678733 0.264705882352941 0.138009049773756 0.0316742081447964
0.0226244343891403 0.260180995475113 0.145927601809955 0.165158371040724
0.085972850678733 0.0260180995475113 0.0984162895927602 0.197963800904977
0.0780542986425339 0.118778280542986 0.157239819004525 0.445701357466063
0.108597285067873 0.0463800904977376 0.0644796380090498 0.192307692307692
0.0984162895927602 0.0588235294117647 0.0938914027149321 0.237556561085973
0.0531674208144796 0.0339366515837104 0.150452488687783 0.1289592760181
0.0938914027149321 0.188914027149321 0.134615384615385 0.304298642533937
NA NA 0.144796380090498 0.0395927601809955
0.130090497737557 0.228506787330317 0.0656108597285068 0.0972850678733032
0.08710407239819 0.178733031674208 0.084841628959276 0.0746606334841629
0.194570135746606 0.0452488687782805 0.0271493212669683 0.125565610859729
0.0328054298642534 0.0916289592760181 0.205882352941176 0.246606334841629
0.194570135746606 0.271493212669683 0.233031674208145 0.117647058823529
0.142533936651584 0.0316742081447964 0.0294117647058824 0.0984162895927602
0.1289592760181 0.173076923076923 0.168552036199095 0.581447963800905
0.0260180995475113 0.0305429864253394 0.0407239819004525 0.194570135746606
0.0429864253393665 0.0452488687782805 0.190045248868778 0.0339366515837104
0.10972850678733 0.125565610859729 0.0554298642533937 0.084841628959276
0.243212669683258 0.277149321266968 0.0203619909502262 0.0407239819004525
0.0644796380090498 0.0644796380090498 0.0656108597285068 0.0339366515837104
0.0588235294117647 0.0916289592760181 0.0271493212669683 0.117647058823529
0.191176470588235 0.168552036199095 0.0599547511312217 0.0350678733031674
0.335972850678733 0.122171945701357 0.0644796380090498 0.17420814479638
0.0690045248868778 0.243212669683258 0.287330316742081 0.0350678733031674
0.0373303167420814 0.0882352941176471 0.131221719457014 0.0497737556561086
0.164027149321267 0.0984162895927602 0.274886877828054 0.18552036199095
0.0373303167420814 0.150452488687783 0.0169683257918552 0.0316742081447964
0.104072398190045 0.0305429864253394 0.165158371040724 0.0576923076923077
0.0316742081447964 0.245475113122172 0.107466063348416 0.225113122171946
0.0520361990950226 0.0282805429864253 0.0452488687782805 0.0882352941176471
0.0599547511312217 0.115384615384615 0.190045248868778 0.179864253393665
0.0576923076923077 0.0644796380090498 0.083710407239819 0.0610859728506787
NA NA NA NA
0.0361990950226244 0.0463800904977376 0.0599547511312217 0.197963800904977
0.0305429864253394 0.0961538461538462 0.0690045248868778 0.0769230769230769
0.299773755656109 0.376696832579186 0.0972850678733032 0.316742081447964
0.0395927601809955 0.254524886877828 0.0271493212669683 0.0373303167420814
0.100678733031674 0.0361990950226244 0.19683257918552 0.116515837104072
0.199095022624434 0.145927601809955 0.0294117647058824 0.0916289592760181
0.0339366515837104 0.0328054298642534 0.209276018099548 0.105203619909502
0.0723981900452489 0.0972850678733032 0.0656108597285068 0.107466063348416
NA NA NA NA
0.142533936651584 0.228506787330317 0.0633484162895928 0.0995475113122172
0.0769230769230769 0.195701357466063 0.0757918552036199 0.08710407239819
0.0678733031674208 0.136877828054299 0.324660633484163 0.083710407239819
0.0475113122171946 0.194570135746606 0.0667420814479638 0.0305429864253394
0.0282805429864253 0.0271493212669683 0.280542986425339 0.0656108597285068
0.160633484162896 0.19683257918552 0.0904977375565611 0.0723981900452489
0.0305429864253394 0.0271493212669683 0.0373303167420814 0.0463800904977376
0.135746606334842 0.0463800904977376 0.0735294117647059 0.204751131221719
0.0328054298642534 0.115384615384615 0.101809954751131 0.083710407239819
0.0938914027149321 0.201357466063348 0.123303167420814 0.0509049773755656
0.0395927601809955 0.138009049773756 0.0644796380090498 0.364253393665158
0.0429864253393665 0.941176470588235 0.212669683257919 0.119909502262443
0.176470588235294 0.0384615384615385 0.08710407239819 0.0599547511312217
0.0316742081447964 0.082579185520362 0.0497737556561086 0.0554298642533937
0.130090497737557 0.0316742081447964 0.0757918552036199 0.0441176470588235
0.187782805429864 0.366515837104072 0.248868778280543 0.0542986425339367
0.0384615384615385 0.139140271493213 0.205882352941176 0.0373303167420814
0.18552036199095 0.131221719457014 0.160633484162896 0.0542986425339367
0.105203619909502 0.18552036199095 0.16289592760181 0.18552036199095
0.0633484162895928 0.0339366515837104 0.127828054298643 0.0248868778280543
0.0475113122171946 0.0316742081447964 0.209276018099548 0.202488687782805
0.305429864253394 0.201357466063348 0.0690045248868778 0.0282805429864253
0.0622171945701357 0.297511312217195 0.102941176470588 0.0554298642533937
0.0441176470588235 0.0723981900452489 0.0927601809954751 0.0678733031674208
0.22737556561086 0.0260180995475113 0.178733031674208 0.080316742081448
0.247737556561086 0.125565610859729 0.135746606334842 0.0520361990950226
0.0418552036199095 0.0328054298642534 0.1289592760181 0.0316742081447964
0.0769230769230769 0.0678733031674208 0.0509049773755656 0.136877828054299
NA NA 0.180995475113122 0.0701357466063348
NA NA 0.195701357466063 0.0622171945701357
0.0542986425339367 0.134615384615385 0.0260180995475113 0.0294117647058824
0.171945701357466 0.0361990950226244 0.0984162895927602 0.0395927601809955
0.113122171945701 0.208144796380091 0.27262443438914 0.142533936651584
0.239819004524887 0.133484162895928 0.320135746606335 0.141402714932127
0.0339366515837104 0.0984162895927602 0.124434389140271 0.0757918552036199
0.117647058823529 0.0294117647058824 0.0328054298642534 0.149321266968326
0.14027149321267 0.235294117647059 0.263574660633484 0.0667420814479638
0.141402714932127 0.0328054298642534 0.124434389140271 0.199095022624434
0.330316742081448 0.100678733031674 0.083710407239819 0.0701357466063348
0.226244343891403 0.081447963800905 0.0429864253393665 0.281674208144796
0.0418552036199095 0.142533936651584 0.0339366515837104 0.0339366515837104
0.0542986425339367 0.278280542986425 0.0316742081447964 0.0294117647058824
0.0893665158371041 0.0282805429864253 0.153846153846154 0.084841628959276
0.0588235294117647 0.136877828054299 0.0531674208144796 0.157239819004525
0.175339366515837 0.136877828054299 0.150452488687783 0.321266968325792
0.0701357466063348 0.142533936651584 0.0882352941176471 0.0395927601809955
0.119909502262443 0.147058823529412 0.0599547511312217 0.0282805429864253
0.576923076923077 0.145927601809955 0.111990950226244 0.168552036199095
0.139140271493213 0.0395927601809955 0.0475113122171946 0.447963800904977
0.0622171945701357 0.102941176470588 0.0282805429864253 0.0723981900452489
0.0282805429864253 0.171945701357466 0.0328054298642534 0.084841628959276
0.113122171945701 0.082579185520362 0.0305429864253394 0.127828054298643
0.142533936651584 0.3710407239819 0.0373303167420814 0.187782805429864
0.0441176470588235 0.158371040723982 0.183257918552036 0.201357466063348
NA NA 0.0282805429864253 0.0497737556561086
0.084841628959276 0.0316742081447964 0.108597285067873 0.0407239819004525
0.0248868778280543 0.0690045248868778 0.0610859728506787 0.0260180995475113
0.0531674208144796 0.0373303167420814 0.321266968325792 0.0656108597285068
0.0407239819004525 0.31447963800905 0.0690045248868778 0.183257918552036
0.367647058823529 0.167420814479638 0.175339366515837 0.10972850678733
0.106334841628959 0.0305429864253394 0.142533936651584 0.177601809954751
0.173076923076923 0.202488687782805 0.0509049773755656 0.116515837104072
0.0656108597285068 0.0452488687782805 0.123303167420814 0.0384615384615385
0.288461538461538 0.251131221719457 0.22737556561086 0.299773755656109
0.0644796380090498 0.167420814479638 0.0248868778280543 0.145927601809955
0.0644796380090498 0.154977375565611 0.122171945701357 0.22737556561086
0.17420814479638 0.148190045248869 0.0531674208144796 0.269230769230769
0.25 0.0463800904977376 0.134615384615385 0.34841628959276
0.154977375565611 0.257918552036199 0.226244343891403 0.0599547511312217
0.0350678733031674 0.170814479638009 0.257918552036199 0.0599547511312217
NA 0.081447963800905 0.0407239819004525 0.141402714932127
0.347285067873303 0.123303167420814 0.110859728506787 0.0678733031674208
0.0565610859728507 0.0373303167420814 0.0633484162895928 0.0791855203619909
0.0610859728506787 0.0395927601809955 0.222850678733032 0.123303167420814
0.0316742081447964 0.295248868778281 0.0780542986425339 0.0282805429864253
0.0791855203619909 0.183257918552036 0.230769230769231 0.101809954751131
0.115384615384615 0.123303167420814 0.0690045248868778 0.0497737556561086
0.081447963800905 0.149321266968326 0.0395927601809955 0.125565610859729
0.0305429864253394 0.0520361990950226 0.0497737556561086 0.200226244343891
0.117647058823529 0.938914027149321 0.113122171945701 0.207013574660633
0.0418552036199095 0.0260180995475113 0.0588235294117647 0.0373303167420814
0.0475113122171946 0.154977375565611 0.226244343891403 0.166289592760181
0.0441176470588235 0.119909502262443 0.184389140271493 0.169683257918552
0.100678733031674 0.0769230769230769 0.084841628959276 0.0576923076923077
0.400452488687783 0.246606334841629 0.374434389140271 0.32579185520362
NA NA NA NA
0.343891402714932 0.240950226244344 0.0644796380090498 0.138009049773756
0.122171945701357 0.0656108597285068 0.197963800904977 0.0565610859728507
0.0418552036199095 0.118778280542986 0.084841628959276 0.0407239819004525
0.3710407239819 0.167420814479638 0.142533936651584 0.0497737556561086
0.118778280542986 0.195701357466063 0.420814479638009 0.143665158371041
0.338235294117647 0.364253393665158 0.0938914027149321 0.0610859728506787
0.0350678733031674 0.0554298642533937 0.135746606334842 0.0961538461538462
0.0441176470588235 0.248868778280543 0.082579185520362 0.376696832579186
0.0690045248868778 0.0882352941176471 0.0701357466063348 0.210407239819005
0.0486425339366516 0.0395927601809955 0.0509049773755656 0.0746606334841629
0.152714932126697 0.0554298642533937 0.085972850678733 0.116515837104072
0.102941176470588 0.179864253393665 0.0712669683257919 0.16289592760181
0.126696832579186 0.237556561085973 0.200226244343891 0.0429864253393665
0.0237556561085973 0.941176470588235 0.134615384615385 0.0361990950226244
0.208144796380091 0.220588235294118 0.0339366515837104 0.0667420814479638
0.0656108597285068 0.0984162895927602 0.113122171945701 0.421945701357466
0.375565610859729 0.186651583710407 0.229638009049774 0.0622171945701357
0.0452488687782805 0.217194570135747 0.0361990950226244 0.16289592760181
0.085972850678733 0.0463800904977376 0.0904977375565611 0.330316742081448
0.253393665158371 0.0576923076923077 0.0520361990950226 0.0565610859728507
0.114253393665158 0.0927601809954751 0.118778280542986 0.149321266968326
0.152714932126697 0.0690045248868778 0.300904977375566 0.330316742081448
0.25 0.0497737556561086 0.0531674208144796 0.0497737556561086
0.0350678733031674 0.21606334841629 0.240950226244344 0.106334841628959
0.419683257918552 0.1289592760181 0.0475113122171946 0.0599547511312217
0.144796380090498 0.175339366515837 0.117647058823529 0.0407239819004525
0.0746606334841629 0.221719457013575 0.328054298642534 0.234162895927602
0.117647058823529 0.28393665158371 0.177601809954751 0.0350678733031674
0.159502262443439 0.173076923076923 0.114253393665158 0.0384615384615385
0.0690045248868778 0.138009049773756 0.0350678733031674 0.0373303167420814
0.102941176470588 0.0497737556561086 0.0452488687782805 0.081447963800905
0.0610859728506787 0.159502262443439 0.136877828054299 0.0780542986425339
0.0938914027149321 0.171945701357466 0.138009049773756 0.139140271493213
0.0395927601809955 0.0463800904977376 0.143665158371041 0.190045248868778
0.0904977375565611 0.0260180995475113 0.0305429864253394 0.148190045248869
0.0599547511312217 0.150452488687783 0.113122171945701 0.0656108597285068
0.220588235294118 0.384615384615385 0.233031674208145 0.0882352941176471
0.126696832579186 0.082579185520362 0.123303167420814 0.183257918552036
0.195701357466063 0.184389140271493 0.271493212669683 0.10972850678733
0.0701357466063348 0.0486425339366516 0.0475113122171946 0.31447963800905
0.142533936651584 0.182126696832579 0.219457013574661 0.0950226244343891
0.114253393665158 0.204751131221719 0.0305429864253394 0.0429864253393665
0.25 0.139140271493213 0.0554298642533937 0.0757918552036199
0.0339366515837104 0.0712669683257919 0.111990950226244 0.0656108597285068
0.0780542986425339 0.0316742081447964 0.221719457013575 0.0950226244343891
0.0294117647058824 0.0384615384615385 0.0316742081447964 0.0531674208144796
0.132352941176471 0.247737556561086 0.0350678733031674 0.201357466063348
0.0961538461538462 0.08710407239819 0.0588235294117647 0.0418552036199095
0.154977375565611 0.115384615384615 0.0395927601809955 0.102941176470588
0.0723981900452489 0.166289592760181 0.309954751131222 0.148190045248869
0.19683257918552 0.108597285067873 0.0294117647058824 0.133484162895928
