0.0714285714285714
0.0357142857142857
0.0119047619047619
0.0119047619047619
0.0119047619047619
0.0714285714285714
0.142857142857143
0.0357142857142857
0.0595238095238095
0.0476190476190476
0.0833333333333333
0.0357142857142857
0.119047619047619
0.0238095238095238
0.0595238095238095
0.0119047619047619
0.0238095238095238
0.0595238095238095
0.0595238095238095
0.0476190476190476
0.0357142857142857
0.0357142857142857
0.0714285714285714
0.0238095238095238
0.0357142857142857
0.0714285714285714
0.0357142857142857
0.0357142857142857
0.0238095238095238
0.0595238095238095
0.0476190476190476
0.0714285714285714
0.0476190476190476
0.0238095238095238
0.0476190476190476
0.0714285714285714
0
0.0476190476190476
0.0357142857142857
0.0833333333333333
0.0357142857142857
0.0357142857142857
0.0595238095238095
0.0595238095238095
0.0714285714285714
0.0357142857142857
0.0238095238095238
0.0357142857142857
0
0.0238095238095238
0.0833333333333333
0.0595238095238095
0.0714285714285714
0
0.0833333333333333
0.0238095238095238
0.0357142857142857
0.0833333333333333
0.0238095238095238
0.0714285714285714
0.0595238095238095
0.0476190476190476
0.0595238095238095
0.0238095238095238
0.0952380952380952
0.0476190476190476
0.0238095238095238
0.0238095238095238
0.0119047619047619
0.0357142857142857
0.0119047619047619
0.0357142857142857
0.0476190476190476
0.0357142857142857
0.0238095238095238
0.0238095238095238
0.0357142857142857
0.0357142857142857
0.0476190476190476
0.0238095238095238
0.0714285714285714
0.0952380952380952
0.0476190476190476
0.0476190476190476
0.119047619047619
0.0714285714285714
0.0476190476190476
0.0952380952380952
0.0714285714285714
0.0357142857142857
0.0357142857142857
0.0595238095238095
0.0595238095238095
0.0595238095238095
0.0833333333333333
0.0595238095238095
0.0476190476190476
0.0238095238095238
0.0595238095238095
0.0595238095238095
0.0238095238095238
0.0833333333333333
0.0714285714285714
0.0357142857142857
0.0595238095238095
0.0238095238095238
0.0357142857142857
0.0476190476190476
0.0119047619047619
0.0357142857142857
0.0952380952380952
0.0476190476190476
0.0119047619047619
0.0476190476190476
0.0238095238095238
0.0595238095238095
0.0357142857142857
0.0714285714285714
0.0119047619047619
0.0595238095238095
0.0952380952380952
0.0476190476190476
0.0357142857142857
0.0476190476190476
0
0.0357142857142857
0.0595238095238095
0.0714285714285714
0.0119047619047619
0.0476190476190476
0.0357142857142857
0.0476190476190476
0.0238095238095238
0.0595238095238095
0.0595238095238095
0.0595238095238095
0.0357142857142857
0.0714285714285714
0.0357142857142857
0.119047619047619
0.0714285714285714
0.0476190476190476
0.0357142857142857
0.0476190476190476
0.0833333333333333
0.0833333333333333
0.0357142857142857
0.0476190476190476
0.0595238095238095
0.0714285714285714
0.0595238095238095
0.107142857142857
0.0119047619047619
0.0714285714285714
0.0476190476190476
0.154761904761905
0.0595238095238095
0.0238095238095238
0.0357142857142857
0.0357142857142857
0.0357142857142857
0.0476190476190476
0.0119047619047619
0.0833333333333333
0.0952380952380952
0.0238095238095238
0.0357142857142857
0.0833333333333333
0.0833333333333333
0.0119047619047619
0.0357142857142857
0.0595238095238095
0.0476190476190476
0.0357142857142857
0.0833333333333333
0.0357142857142857
0.0595238095238095
0.0357142857142857
0.0357142857142857
0.0238095238095238
0.0238095238095238
0.0238095238095238
0.0476190476190476
0.0595238095238095
0.0357142857142857
0.0119047619047619
0.0119047619047619
0.0357142857142857
0.142857142857143
0.0238095238095238
0.0357142857142857
0.0476190476190476
0.0357142857142857
0.0476190476190476
0.0476190476190476
0.0595238095238095
0.0476190476190476
0.0357142857142857
0.0714285714285714
0.0714285714285714
0.0476190476190476
0.0595238095238095
0.0714285714285714
0.0714285714285714
0.0476190476190476
0
0
0.0357142857142857
0.0476190476190476
0.0238095238095238
0.0357142857142857
0.0476190476190476
0.0714285714285714
0.0238095238095238
0.0119047619047619
0.0238095238095238
0.0476190476190476
0.0238095238095238
0.0238095238095238
0.0476190476190476
0.0476190476190476
0.0833333333333333
0.0476190476190476
0.0476190476190476
0.0476190476190476
0.0833333333333333
0.0476190476190476
0.0595238095238095
0.130952380952381
0.0476190476190476
0.0476190476190476
0.0238095238095238
0.0357142857142857
0.0952380952380952
0.0833333333333333
0.0238095238095238
0
0.0595238095238095
0.0119047619047619
0.0595238095238095
0.0357142857142857
0.0595238095238095
0.0357142857142857
0.0833333333333333
0.0238095238095238
0.0238095238095238
0.0357142857142857
0
0.0238095238095238
0.0357142857142857
0.0357142857142857
0.0476190476190476
0.0476190476190476
0.0357142857142857
0.0357142857142857
0.107142857142857
0.0476190476190476
0.0714285714285714
0.0238095238095238
0.0595238095238095
0.0952380952380952
0.0119047619047619
0.0238095238095238
0.0476190476190476
0.0357142857142857
0.0595238095238095
0.0476190476190476
0.0714285714285714
0.0357142857142857
0.0238095238095238
0.0476190476190476
0.0238095238095238
0.0238095238095238
0.0595238095238095
0.0595238095238095
0.0238095238095238
0.0476190476190476
0.0714285714285714
0.0357142857142857
0.0476190476190476
0.0595238095238095
0
0.0119047619047619
0.0476190476190476
0.0238095238095238
0.0476190476190476
0.0595238095238095
0.0714285714285714
0.0357142857142857
0
0.0476190476190476
0.0714285714285714
0.0119047619047619
0.0476190476190476
0.107142857142857
0.0357142857142857
0.0714285714285714
0.0595238095238095
0.0357142857142857
0.0357142857142857
0.0595238095238095
0.0119047619047619
0.0833333333333333
0.0833333333333333
0.0595238095238095
0.0476190476190476
0.0119047619047619
0.130952380952381
0
0.119047619047619
0.119047619047619
0.0476190476190476
0.0476190476190476
0.0476190476190476
0.0357142857142857
0.0476190476190476
0.0714285714285714
0.0476190476190476
0.0357142857142857
0.0476190476190476
0.0476190476190476
0.0714285714285714
0.0119047619047619
0.0238095238095238
0.0357142857142857
0.0357142857142857
0.0357142857142857
0.0595238095238095
0.0357142857142857
0.0357142857142857
0.0119047619047619
0.0357142857142857
0.0476190476190476
0.0595238095238095
0.0595238095238095
0.0476190476190476
0.0238095238095238
0.0238095238095238
0.0476190476190476
0.0476190476190476
0.0952380952380952
0.0476190476190476
0.0595238095238095
0.0119047619047619
0.0595238095238095
0.0714285714285714
0.0833333333333333
0.0833333333333333
0.0595238095238095
0.0595238095238095
0.0952380952380952
0.0238095238095238
0.0595238095238095
0.0476190476190476
0.0238095238095238
0.0238095238095238
0.0952380952380952
0.0595238095238095
0.0595238095238095
0.0595238095238095
0.0833333333333333
0.0238095238095238
0.0357142857142857
0.0952380952380952
0.0119047619047619
0.0238095238095238
0.0238095238095238
0.0476190476190476
0.0476190476190476
0.0357142857142857
0.0119047619047619
0.0476190476190476
0.0238095238095238
0.0476190476190476
0.0238095238095238
0.0357142857142857
0.0238095238095238
0.0476190476190476
0.0119047619047619
0.0595238095238095
0.0238095238095238
0.0595238095238095
0.0119047619047619
0.0833333333333333
0.0238095238095238
0.0714285714285714
0.0238095238095238
0.0595238095238095
0.0119047619047619
0.0238095238095238
0.0357142857142857
0.0595238095238095
0.0238095238095238
0.0357142857142857
0.0595238095238095
0.0595238095238095
0.0119047619047619
0.0238095238095238
0.0119047619047619
0.0595238095238095
0.0595238095238095
0.0238095238095238
0.0357142857142857
0.0238095238095238
0.0238095238095238
0.0357142857142857
0.0476190476190476
0.0238095238095238
0.0476190476190476
0.0357142857142857
0.0595238095238095
0.0476190476190476
0.0238095238095238
0.0238095238095238
0.0476190476190476
0.0238095238095238
0.0476190476190476
0.0357142857142857
0.0476190476190476
0.0476190476190476
0.0357142857142857
0.0595238095238095
0.0833333333333333
0.0714285714285714
0.0595238095238095
0.0714285714285714
0
0.0476190476190476
0.119047619047619
0.0357142857142857
0.0476190476190476
0.0357142857142857
0.0357142857142857
0.0833333333333333
0.0595238095238095
0.0476190476190476
0.0238095238095238
0.0833333333333333
0.0476190476190476
0.0476190476190476
0.0238095238095238
0.0595238095238095
0.0595238095238095
0.0714285714285714
0.0952380952380952
0.0357142857142857
0
0.0357142857142857
0
0.0238095238095238
0.0952380952380952
0.0238095238095238
0.0357142857142857
0.107142857142857
0.0476190476190476
0.0119047619047619
0.0357142857142857
0.0833333333333333
0.0476190476190476
0.0357142857142857
0.0714285714285714
0.0119047619047619
0.0833333333333333
0.0476190476190476
0.0119047619047619
0.0238095238095238
0.0476190476190476
0.130952380952381
0.0595238095238095
0.0595238095238095
0.0595238095238095
0.0476190476190476
0.0833333333333333
0.0357142857142857
0.0357142857142857
0.0119047619047619
0.0238095238095238
0.0833333333333333
0.0357142857142857
0.0476190476190476
0.0119047619047619
0.0119047619047619
0.0357142857142857
0.0595238095238095
0.0476190476190476
0.0238095238095238
0.0119047619047619
0.0833333333333333
0.0476190476190476
0.0357142857142857
0.0476190476190476
0.0119047619047619
0.0357142857142857
0.0357142857142857
0.0714285714285714
0.0357142857142857
0.0357142857142857
0.0714285714285714
0.0476190476190476
0.0833333333333333
